Bookie1 2.77 2.97 2.81
Bookie2 2.67 2.66 2.82
Bookie3 2.45 2.50 2.47
Bookie4 2.59 2.72 2.90
Bookie5 2.54 2.64 2.60
Bookie6 2.69 2.58 2.59
Bookie7 2.82 2.54 2.53
Bookie8 2.63 2.75 2.93
Bookie9 2.59 2.59 2.86
Bookie10 2.53 2.93 2.83
Bookie11 2.72 2.43 2.50
Bookie12 2.77 3.00 2.46
Bookie13 2.77 2.45 2.83
Bookie14 2.59 2.51 2.73
Bookie15 2.74 2.58 2.66
Bookie16 2.73 2.56 2.58
Bookie17 2.88 2.63 2.94
Bookie18 2.59 2.95 2.47
Bookie19 3.00 2.45 2.54
Bookie20 2.82 2.55 2.60
Bookie21 2.97 2.86 2.89
Bookie22 2.85 2.52 2.67
Bookie23 2.95 2.82 3.00
Bookie24 2.96 2.46 2.71
Bookie25 2.97 2.98 2.62
Bookie26 2.82 2.84 2.75
Bookie27 2.80 2.74 2.86
Bookie28 2.65 2.49 3.00
Bookie29 2.95 2.60 2.84
Bookie30 2.80 2.46 2.81
Bookie31 2.78 2.63 2.55
Bookie32 2.73 2.52 2.55
Bookie33 2.79 2.49 2.58
Bookie34 2.66 2.67 2.79
Bookie35 2.74 2.78 2.85
Bookie36 2.91 2.41 2.85
Bookie37 2.65 2.71 2.77
Bookie38 2.66 2.43 2.41
Bookie39 2.41 2.96 2.76
Bookie40 2.75 2.90 2.94
Bookie41 2.69 2.77 2.43
Bookie42 2.92 2.56 2.80
Bookie43 2.56 2.51 2.77
Bookie44 2.90 2.83 2.43
Bookie45 2.73 3.00 2.86
Bookie46 2.59 2.86 2.50
Bookie47 2.62 2.91 2.55
Bookie48 2.79 2.71 2.46
Bookie49 2.43 2.65 2.76
Bookie50 2.97 2.75 2.76
Bookie51 2.66 2.74 2.70
Bookie52 2.98 2.89 2.47
Bookie53 2.88 2.65 2.49
Bookie54 2.52 2.85 2.80
Bookie55 2.47 2.72 2.47
Bookie56 2.50 2.46 2.60
Bookie57 2.51 2.49 2.60
Bookie58 2.73 2.75 2.72
Bookie59 2.82 2.80 2.72
Bookie60 2.80 2.84 2.79
Bookie61 2.42 2.43 2.47
Bookie62 2.63 2.91 2.62
Bookie63 2.62 2.56 2.54
Bookie64 2.74 2.65 2.71
Bookie65 2.51 2.61 2.91
Bookie66 2.83 2.44 3.01
Bookie67 2.66 2.48 2.88
Bookie68 2.47 2.44 2.84
Bookie69 2.56 2.92 2.99
Bookie70 2.54 2.42 2.98
Bookie71 2.47 2.80 2.60
Bookie72 2.68 2.70 2.46
Bookie73 2.81 2.65 2.95
Bookie74 2.98 2.60 2.71
Bookie75 2.65 2.42 2.80
Bookie76 2.67 2.61 2.94
Bookie77 2.55 2.87 2.43
Bookie78 2.85 2.79 2.72
Bookie79 2.45 2.84 2.94
Bookie80 3.00 2.92 2.91
Bookie81 2.56 2.96 2.46
Bookie82 2.91 2.79 2.86
Bookie83 2.79 2.47 2.42
Bookie84 2.76 2.45 3.01
Bookie85 2.80 3.00 2.91
Bookie86 2.61 2.81 2.98
Bookie87 2.60 2.52 2.99
Bookie88 2.91 2.60 2.89
Bookie89 2.66 2.84 2.65
Bookie90 2.95 2.98 2.42
Bookie91 2.89 2.66 2.42
Bookie92 2.67 2.95 2.92
Bookie93 2.44 2.81 2.62
Bookie94 2.71 2.91 2.42
Bookie95 2.48 2.57 2.91
Bookie96 2.60 2.41 2.95
Bookie97 2.63 2.47 2.80
Bookie98 2.87 2.88 2.57
Bookie99 2.62 2.54 2.90
Bookie100 2.62 2.77 2.76