Bookie1 2.51 2.57 2.44
Bookie2 2.48 2.78 2.97
Bookie3 2.67 2.53 2.54
Bookie4 2.49 2.78 2.93
Bookie5 2.63 2.64 2.78
Bookie6 2.96 2.67 2.42
Bookie7 2.73 2.95 2.72
Bookie8 2.51 2.74 2.69
Bookie9 2.73 2.97 2.86
Bookie10 2.62 2.75 2.59
Bookie11 2.87 2.62 2.60
Bookie12 2.46 2.79 2.86
Bookie13 2.91 2.67 2.69
Bookie14 2.63 2.61 2.74
Bookie15 2.52 2.66 2.73
Bookie16 2.45 2.53 2.67
Bookie17 2.90 2.65 2.46
Bookie18 2.46 2.53 2.43
Bookie19 2.86 2.46 2.66
Bookie20 2.42 2.81 2.77
Bookie21 2.72 3.01 2.99
Bookie22 2.48 2.57 2.57
Bookie23 2.79 2.48 2.85
Bookie24 2.56 2.53 2.79
Bookie25 2.48 2.43 2.86
Bookie26 2.55 2.72 2.52
Bookie27 2.51 2.71 2.89
Bookie28 2.80 2.84 2.88
Bookie29 2.61 2.82 2.57
Bookie30 2.84 2.43 2.59
Bookie31 2.48 2.68 2.63
Bookie32 2.84 2.56 2.75
Bookie33 2.79 2.97 2.76
Bookie34 2.58 2.66 2.58
Bookie35 2.92 2.61 2.90
Bookie36 2.93 2.45 2.51
Bookie37 2.99 2.78 2.85
Bookie38 2.88 2.88 2.90
Bookie39 2.48 2.44 2.62
Bookie40 2.80 2.66 2.49
Bookie41 3.01 2.58 2.67
Bookie42 2.81 2.62 2.63
Bookie43 2.94 2.43 2.65
Bookie44 2.99 2.57 2.98
Bookie45 2.43 2.56 2.83
Bookie46 2.82 2.48 2.68
Bookie47 2.98 2.72 2.72
Bookie48 2.78 2.53 2.94
Bookie49 2.70 2.70 2.57
Bookie50 2.44 2.61 2.60
Bookie51 2.60 2.66 2.92
Bookie52 2.81 2.80 2.45
Bookie53 2.54 2.84 2.57
Bookie54 2.55 2.51 2.97
Bookie55 2.74 2.65 2.85
Bookie56 2.43 3.00 2.46
Bookie57 3.00 2.73 2.61
Bookie58 2.98 2.44 2.85
Bookie59 2.64 2.73 2.67
Bookie60 2.91 2.72 2.73
Bookie61 2.80 2.61 2.41
Bookie62 2.84 2.72 2.75
Bookie63 2.54 2.85 2.63
Bookie64 2.70 2.44 2.97
Bookie65 2.66 2.67 2.86
Bookie66 2.47 2.75 2.64
Bookie67 2.82 2.50 2.52
Bookie68 2.44 2.55 2.81
Bookie69 2.51 3.00 2.72
Bookie70 2.42 2.53 2.95
Bookie71 2.76 2.48 2.97
Bookie72 2.60 2.71 2.79
Bookie73 2.86 2.51 2.78
Bookie74 2.49 2.84 2.47
Bookie75 2.59 2.96 2.45
Bookie76 2.43 2.92 2.56
Bookie77 2.77 2.62 2.85
Bookie78 2.90 2.72 2.92
Bookie79 2.72 2.68 2.50
Bookie80 2.68 2.92 2.45
Bookie81 2.44 2.87 2.55
Bookie82 2.69 2.96 2.68
Bookie83 2.58 2.51 2.57
Bookie84 2.80 2.53 2.88
Bookie85 2.70 2.84 2.44
Bookie86 2.88 2.59 2.91
Bookie87 2.67 2.46 2.96
Bookie88 2.70 2.56 2.66
Bookie89 2.99 2.67 2.44
Bookie90 2.59 2.94 2.64
Bookie91 2.58 3.00 2.61
Bookie92 2.61 2.96 2.86
Bookie93 2.59 2.44 2.84
Bookie94 2.93 2.76 2.91
Bookie95 2.44 2.86 2.45
Bookie96 2.49 2.65 2.76
Bookie97 2.84 2.49 2.67
Bookie98 2.80 2.44 2.47
Bookie99 2.69 2.62 2.72
Bookie100 2.64 2.51 2.96